image_width: 1024
image_height: 768
camera_name: 00b09d0100aa7166
camera_matrix:
  rows: 3
  cols: 3
  data: [852.690672675512, 0, 543.463546658268, 0, 852.599504646014, 389.672086097311, 0, 0, 1]
distortion_model: plumb_bob
distortion_coefficients:
  rows: 1
  cols: 5
  data: [-0.354414966327207, 0.169396304957786, 0.00293986591334304, 0.000834990503307187, 0]
rectification_matrix:
  rows: 3
  cols: 3
  data: [0.999123287651274, -0.00204519895375796, 0.0418147490025902, 0.00237785760294773, 0.999965909257758, -0.00790734566876481, -0.0417971514116713, 0.00799984272000252, 0.999094089988688]
projection_matrix:
  rows: 3
  cols: 4
  data: [800.316741941983, 0, 489.548667907715, 0, 0, 800.316741941983, 395.114162445068, 0, 0, 0, 1, 0]