image_width: 1024
image_height: 768
camera_name: 00b09d0100aa7166
camera_matrix:
  rows: 3
  cols: 3
  data: [837.022680498341, 0, 543.032515893816, 0, 838.368443371353, 396.216345975611, 0, 0, 1]
distortion_model: plumb_bob
distortion_coefficients:
  rows: 1
  cols: 5
  data: [-0.356476696246201, 0.168516190694435, 0.00131251354822364, -0.000511799611739328, 0]
rectification_matrix:
  rows: 3
  cols: 3
  data: [0.999988853219726, -0.000577809381495847, -0.00468610420459542, 0.000565522389084163, 0.999996400264787, -0.00262290714591109, 0.0046876028762168, 0.00262022781209618, 0.99998558028878]
projection_matrix:
  rows: 3
  cols: 4
  data: [782.386712081062, 0, 538.924976348877, 0, 0, 782.386712081062, 396.988391876221, 0, 0, 0, 1, 0]