image_width: 1024
image_height: 768
camera_name: 00b09d0100aa7166
camera_matrix:
  rows: 3
  cols: 3
  data: [420.476114,0.000000,273.543839,0.000000,421.372015,197.624481,0.000000,0.000000,1.000000]
distortion_model: plumb_bob
distortion_coefficients:
  rows: 1
  cols: 5
  data: [-0.355008,0.152388,0.001114,-0.000533,0.000000]
rectification_matrix:
  rows: 3
  cols: 3
  data: [0.999988,-0.002005,0.004498,0.002006,0.999998,-0.000305,-0.004497,0.000314,0.999990]
projection_matrix:
  rows: 3
  cols: 4
  data:  [392.382171,0.000000,267.165953,0.000000,0.000000,392.382171,197.268826,0.000000,0.000000,0.000000,1.000000,0.000000]
