image_width: 1024
image_height: 768
camera_name: 00b09d0100aa7166
camera_matrix:
  rows: 3
  cols: 3
  data: [831.702941655856, 0, 522.47689045602, 0, 832.732329641731, 394.190387410755, 0, 0, 1]
distortion_model: plumb_bob
distortion_coefficients:
  rows: 1
  cols: 5
  data: [-0.347932231228029, 0.146069214106021, 0.000641512751678429, 7.54874010213278e-05, 0]
rectification_matrix:
  rows: 3
  cols: 3
  data: [0.999980855198219, 0.00408716908584163, -0.00464588914006447, -0.00407497543671735, 0.999988235997495, 0.00263105336468321, 0.00465658804578832, -0.0026120711095606, 0.999985746534565]
projection_matrix:
  rows: 3
  cols: 4
  data: [782.386712081062, 0, 538.924976348877, -93.707136880299, 0, 782.386712081062, 396.988391876221, 0, 0, 0, 1, 0]