image_width: 1024
image_height: 768
camera_name: 00b09d0100aa7166
camera_matrix:
  rows: 3
  cols: 3
  data: [839.593820023392, 0, 523.428855054618, 0, 839.513841278678, 396.210768591324, 0, 0, 1]
distortion_model: plumb_bob
distortion_coefficients:
  rows: 1
  cols: 5
  data: [-0.351804947258948, 0.143258886650065, -0.000335309226478655, -0.00102381945779028, 0]
rectification_matrix:
  rows: 3
  cols: 3
  data: [0.998967855107729, -0.00061857928596161, 0.045418518482328, 0.000257146765012042, 0.999968259884556, 0.00796323420440094, -0.0454220027850362, -0.00794333576779155, 0.998936306818346]
projection_matrix:
  rows: 3
  cols: 4
  data: [800.316741941983, 0, 489.548667907715, -94.0888032324181, 0, 800.316741941983, 395.114162445068, 0, 0, 0, 1, 0]