<?xml version="1.0"?>
<opencv_storage>
<H type_id="opencv-matrix">
  <rows>3</rows>
  <cols>3</cols>
  <dt>f</dt>
  <data>
    18.75736046 -8.32199287 297.51040649 1.18704844 9.07989502
    275.66195679 -1.23512640e-03 -0.02124634 20.50000000</data></H>
</opencv_storage>
